pointcloud:
fx: 384.711884	 fy: 428.792206	 cx: 300.423889	 cy: 258.684082 
fxi: 0.002599	 fyi: 0.002332	 cxi: -0.780906	 cyi: -0.603285
width: 640.000000	 height: 480.000000	 time: 1424867513.174023
'\x00'	